# Created by Octave 4.2.2, Mon May 07 20:42:04 2018 CEST <jernej@jv227>
# name: data
# type: matrix
# rows: 4
# columns: 3
 0.2929640775451115 0.09863390215589078 0.1547823330425946
 0.7871471202884138 0.2198119564175879 0.2999678694221694
 0.4856408877045025 0.286575298466579 0.6498341795732615
 0.6704967401731099 0.2315378051731252 0.7737729305266254


