# Created by Octave 4.2.2, Mon May 07 19:55:35 2018 CEST <jernej@jv227>
# name: X
# type: matrix
# rows: 10
# columns: 10
 0 0.1111111111111111 0.2222222222222222 0.3333333333333333 0.4444444444444444 0.5555555555555556 0.6666666666666666 0.7777777777777777 0.8888888888888888 1
 0 0.1111111111111111 0.2222222222222222 0.3333333333333333 0.4444444444444444 0.5555555555555556 0.6666666666666666 0.7777777777777777 0.8888888888888888 1
 0 0.1111111111111111 0.2222222222222222 0.3333333333333333 0.4444444444444444 0.5555555555555556 0.6666666666666666 0.7777777777777777 0.8888888888888888 1
 0 0.1111111111111111 0.2222222222222222 0.3333333333333333 0.4444444444444444 0.5555555555555556 0.6666666666666666 0.7777777777777777 0.8888888888888888 1
 0 0.1111111111111111 0.2222222222222222 0.3333333333333333 0.4444444444444444 0.5555555555555556 0.6666666666666666 0.7777777777777777 0.8888888888888888 1
 0 0.1111111111111111 0.2222222222222222 0.3333333333333333 0.4444444444444444 0.5555555555555556 0.6666666666666666 0.7777777777777777 0.8888888888888888 1
 0 0.1111111111111111 0.2222222222222222 0.3333333333333333 0.4444444444444444 0.5555555555555556 0.6666666666666666 0.7777777777777777 0.8888888888888888 1
 0 0.1111111111111111 0.2222222222222222 0.3333333333333333 0.4444444444444444 0.5555555555555556 0.6666666666666666 0.7777777777777777 0.8888888888888888 1
 0 0.1111111111111111 0.2222222222222222 0.3333333333333333 0.4444444444444444 0.5555555555555556 0.6666666666666666 0.7777777777777777 0.8888888888888888 1
 0 0.1111111111111111 0.2222222222222222 0.3333333333333333 0.4444444444444444 0.5555555555555556 0.6666666666666666 0.7777777777777777 0.8888888888888888 1


# name: X1
# type: matrix
# rows: 2
# columns: 2
 0 1
 0 1


# name: Y
# type: matrix
# rows: 10
# columns: 10
 0 0 0 0 0 0 0 0 0 0
 0.1111111111111111 0.1111111111111111 0.1111111111111111 0.1111111111111111 0.1111111111111111 0.1111111111111111 0.1111111111111111 0.1111111111111111 0.1111111111111111 0.1111111111111111
 0.2222222222222222 0.2222222222222222 0.2222222222222222 0.2222222222222222 0.2222222222222222 0.2222222222222222 0.2222222222222222 0.2222222222222222 0.2222222222222222 0.2222222222222222
 0.3333333333333333 0.3333333333333333 0.3333333333333333 0.3333333333333333 0.3333333333333333 0.3333333333333333 0.3333333333333333 0.3333333333333333 0.3333333333333333 0.3333333333333333
 0.4444444444444444 0.4444444444444444 0.4444444444444444 0.4444444444444444 0.4444444444444444 0.4444444444444444 0.4444444444444444 0.4444444444444444 0.4444444444444444 0.4444444444444444
 0.5555555555555556 0.5555555555555556 0.5555555555555556 0.5555555555555556 0.5555555555555556 0.5555555555555556 0.5555555555555556 0.5555555555555556 0.5555555555555556 0.5555555555555556
 0.6666666666666666 0.6666666666666666 0.6666666666666666 0.6666666666666666 0.6666666666666666 0.6666666666666666 0.6666666666666666 0.6666666666666666 0.6666666666666666 0.6666666666666666
 0.7777777777777777 0.7777777777777777 0.7777777777777777 0.7777777777777777 0.7777777777777777 0.7777777777777777 0.7777777777777777 0.7777777777777777 0.7777777777777777 0.7777777777777777
 0.8888888888888888 0.8888888888888888 0.8888888888888888 0.8888888888888888 0.8888888888888888 0.8888888888888888 0.8888888888888888 0.8888888888888888 0.8888888888888888 0.8888888888888888
 1 1 1 1 1 1 1 1 1 1


# name: Y1
# type: matrix
# rows: 1
# columns: 2
 0 1


# name: Y2
# type: matrix
# rows: 2
# columns: 2
 0 0
 1 1


# name: Z
# type: matrix
# rows: 10
# columns: 10
 0 0.001371742112482853 0.01097393689986282 0.03703703703703703 0.0877914951989026 0.1714677640603567 0.2962962962962963 0.4705075445816184 0.7023319615912208 1
 0.001371742112482853 0.002743484224965706 0.01234567901234568 0.03840877914951989 0.08916323731138545 0.1728395061728396 0.2976680384087791 0.4718792866941013 0.7037037037037036 1.001371742112483
 0.01097393689986282 0.01234567901234568 0.02194787379972565 0.04801097393689986 0.09876543209876543 0.1824417009602195 0.3072702331961591 0.4814814814814812 0.7133058984910836 1.010973936899863
 0.03703703703703703 0.03840877914951989 0.04801097393689986 0.07407407407407407 0.1248285322359396 0.2085048010973937 0.3333333333333333 0.5075445816186555 0.7393689986282579 1.037037037037037
 0.0877914951989026 0.08916323731138545 0.09876543209876543 0.1248285322359396 0.1755829903978052 0.2592592592592593 0.3840877914951989 0.558299039780521 0.7901234567901234 1.087791495198903
 0.1714677640603567 0.1728395061728396 0.1824417009602195 0.2085048010973937 0.2592592592592593 0.3429355281207134 0.467764060356653 0.6419753086419751 0.8737997256515775 1.171467764060357
 0.2962962962962963 0.2976680384087791 0.3072702331961591 0.3333333333333333 0.3840877914951989 0.467764060356653 0.5925925925925926 0.7668038408779148 0.9986282578875171 1.296296296296296
 0.4705075445816184 0.4718792866941013 0.4814814814814812 0.5075445816186555 0.558299039780521 0.6419753086419751 0.7668038408779148 0.9410150891632368 1.172839506172839 1.470507544581618
 0.7023319615912208 0.7037037037037036 0.7133058984910836 0.7393689986282579 0.7901234567901234 0.8737997256515775 0.9986282578875171 1.172839506172839 1.404663923182442 1.702331961591221
 1 1.001371742112483 1.010973936899863 1.037037037037037 1.087791495198903 1.171467764060357 1.296296296296296 1.470507544581618 1.702331961591221 2


# name: ans
# type: matrix
# rows: 1
# columns: 2
 10 10


# name: data
# type: matrix
# rows: 4
# columns: 3
 0.2929640775451115 0.09863390215589078 0.1547823330425946
 0.7871471202884138 0.2198119564175879 0.2999678694221694
 0.4856408877045025 0.286575298466579 0.6498341795732615
 0.6704967401731099 0.2315378051731252 0.7737729305266254


# name: fst
# type: matrix
# rows: 2
# columns: 2
 0.2929640775451115 0.7871471202884138
 0.4856408877045025 0.6704967401731099


# name: i_func
# type: function handle
@<anonymous>
@(x, y) aux_A (x, y) .* weight_A (x, y) + aux_B (x, y) .* weight_B (x, y) + aux_C (x, y) .* weight_C (x, y) + aux_D (x, y) .* weight_D (x, y)
# length: 8
# name: aux_A
# type: function handle
@<anonymous>
@(x, y) a + dx_a .* x + dy_a .* y
# length: 3
# name: a
# type: scalar
0.2929640775451115


# name: dx_a
# type: scalar
0.09863390215589078


# name: dy_a
# type: scalar
0.1547823330425946




# name: aux_B
# type: function handle
@<anonymous>
@(x, y) b + dx_b .* (x - 1) + dy_b .* y
# length: 3
# name: b
# type: scalar
0.7871471202884138


# name: dx_b
# type: scalar
0.2198119564175879


# name: dy_b
# type: scalar
0.2999678694221694




# name: aux_C
# type: function handle
@<anonymous>
@(x, y) c + dx_c .* x + dy_c .* (y - 1)
# length: 3
# name: c
# type: scalar
0.4856408877045025


# name: dx_c
# type: scalar
0.286575298466579


# name: dy_c
# type: scalar
0.6498341795732615




# name: aux_D
# type: function handle
@<anonymous>
@(x, y) d + dx_d .* (x - 1) + dy_d .* (y - 1)
# length: 3
# name: d
# type: scalar
0.2929640775451115


# name: dx_d
# type: scalar
0.09863390215589078


# name: dy_d
# type: scalar
0.1547823330425946




# name: weight_A
# type: function handle
@<anonymous>
@(x, y) polyval (coeff, x) * polyval (coeff, y)
# length: 1
# name: coeff
# type: matrix
# rows: 4
# columns: 1
 2
 -3
 0
 1




# name: weight_B
# type: function handle
@<anonymous>
@(x, y) (1 - polyval (coeff, x)) * polyval (coeff, y)
# length: 1
# name: coeff
# type: matrix
# rows: 4
# columns: 1
 2
 -3
 0
 1




# name: weight_C
# type: function handle
@<anonymous>
@(x, y) polyval (coeff, x) * (1 - polyval (coeff, y))
# length: 1
# name: coeff
# type: matrix
# rows: 4
# columns: 1
 2
 -3
 0
 1




# name: weight_D
# type: function handle
@<anonymous>
@(x, y) (1 - polyval (coeff, x)) * (1 - polyval (coeff, y))
# length: 1
# name: coeff
# type: matrix
# rows: 4
# columns: 1
 2
 -3
 0
 1






