# Created by Octave 4.2.2, Mon May 07 20:05:38 2018 CEST <jernej@jv227>
# name: res
# type: matrix
# rows: 10
# columns: 10
 0.2929640775451115 0.3137942955685031 0.3529068074346303 0.4074474670621601 0.4736755948223491 0.5469639775390432 0.6217988684886775 0.6917799874002766 0.7496205204554544 0.7871471202884137
 0.2963709071188346 0.3179213358673028 0.3576761752709964 0.4126853730895285 0.4791565542872656 0.5524550210333272 0.6271037527015858 0.6967834058706674 0.7543323143239512 0.7917464890495689
 0.2835502503027797 0.3060912269248164 0.3450493309185612 0.3976684976347885 0.4604688244448246 0.5292465707405487 0.5990741579343913 0.6643001694593355 0.7185493507689165 0.7547226093372212
 0.2688181659423145 0.2925285417112339 0.3296238270607453 0.3777558503083728 0.4340241395105884 0.4949759224628116 0.5566061266994097 0.6143573794936978 0.6631200078579386 0.6972320385433429
 0.2628689343988148 0.2878414053227806 0.3223950545418776 0.3647249616485285 0.4126772754340577 0.4637492138886906 0.5150890642015534 0.5634961827606745 0.6054209951529829 0.6369649961643087
 0.2727750575496641 0.299021494981717 0.3307562423671952 0.3667718831213165 0.4057260498986731 0.4461414245932314 0.4864057383383313 0.5247717715066873 0.5593573537103882 0.5881453638008961
 0.3019872587882541 0.3294440400363389 0.3584984577028435 0.3885111871206115 0.4189113223218145 0.4491963760379516 0.4789322796998492 0.5077533834376615 0.5353624560808706 0.561530685158286
 0.3503344830239842 0.378867821960977 0.405810605875876 0.4309759669681024 0.4544169938548012 0.4764267315708398 0.4975381815688092 0.5185243017190238 0.5403980063095208 0.5644121660460604
 0.414023896682262 0.4434351743559973 0.4692794303742545 0.4916178369132921 0.5108700073828915 0.5278139964263557 0.5435862999205106 0.5596818549757036 0.5779540399358046 0.6006146743782057
 0.4856408877045025 0.5156719829478013 0.5418895128468491 0.5643069321334973 0.5833403475252834 0.5998085177254309 0.6149328534228489 0.6303374172921328 0.6480489239935641 0.67049674017311


