# Created by Octave 4.2.1, Mon Apr 23 17:26:36 2018 CEST <jernej@jv2557>
# name: V
# type: matrix
# rows: 5
# columns: 5
 0.2491767071929427 0.812301739101267 0.8229512871159751 0.258785198064264 0.4036445472668449
 0.4940379202766474 0.5676493072101041 0.9589787211559839 0.3285719799376554 0.4990411529258179
 0.2207102282425512 0.5300659722743521 0.6785192432473254 0.8455530538592372 0.3091893942884866
 0.02246397836448582 0.05634032731952991 0.2587890398120644 0.9644397935077804 0.26509353263495
 0.9331970044888551 0.2666040648079187 0.02249411861891464 0.4451055208130398 0.2029277192770201


# name: X
# type: matrix
# rows: 5
# columns: 5
 0 1 2 3 4
 0 1 2 3 4
 0 1 2 3 4
 0 1 2 3 4
 0 1 2 3 4


# name: X1
# type: matrix
# rows: 40
# columns: 40
 0 0.1025641025641026 0.2051282051282051 0.3076923076923077 0.4102564102564102 0.5128205128205128 0.6153846153846154 0.717948717948718 0.8205128205128205 0.923076923076923 1.025641025641026 1.128205128205128 1.230769230769231 1.333333333333333 1.435897435897436 1.538461538461538 1.641025641025641 1.743589743589744 1.846153846153846 1.948717948717949 2.051282051282051 2.153846153846154 2.256410256410256 2.358974358974359 2.461538461538462 2.564102564102564 2.666666666666667 2.769230769230769 2.871794871794872 2.974358974358974 3.076923076923077 3.179487179487179 3.282051282051282 3.384615384615385 3.487179487179487 3.589743589743589 3.692307692307692 3.794871794871795 3.897435897435897 4
 0 0.1025641025641026 0.2051282051282051 0.3076923076923077 0.4102564102564102 0.5128205128205128 0.6153846153846154 0.717948717948718 0.8205128205128205 0.923076923076923 1.025641025641026 1.128205128205128 1.230769230769231 1.333333333333333 1.435897435897436 1.538461538461538 1.641025641025641 1.743589743589744 1.846153846153846 1.948717948717949 2.051282051282051 2.153846153846154 2.256410256410256 2.358974358974359 2.461538461538462 2.564102564102564 2.666666666666667 2.769230769230769 2.871794871794872 2.974358974358974 3.076923076923077 3.179487179487179 3.282051282051282 3.384615384615385 3.487179487179487 3.589743589743589 3.692307692307692 3.794871794871795 3.897435897435897 4
 0 0.1025641025641026 0.2051282051282051 0.3076923076923077 0.4102564102564102 0.5128205128205128 0.6153846153846154 0.717948717948718 0.8205128205128205 0.923076923076923 1.025641025641026 1.128205128205128 1.230769230769231 1.333333333333333 1.435897435897436 1.538461538461538 1.641025641025641 1.743589743589744 1.846153846153846 1.948717948717949 2.051282051282051 2.153846153846154 2.256410256410256 2.358974358974359 2.461538461538462 2.564102564102564 2.666666666666667 2.769230769230769 2.871794871794872 2.974358974358974 3.076923076923077 3.179487179487179 3.282051282051282 3.384615384615385 3.487179487179487 3.589743589743589 3.692307692307692 3.794871794871795 3.897435897435897 4
 0 0.1025641025641026 0.2051282051282051 0.3076923076923077 0.4102564102564102 0.5128205128205128 0.6153846153846154 0.717948717948718 0.8205128205128205 0.923076923076923 1.025641025641026 1.128205128205128 1.230769230769231 1.333333333333333 1.435897435897436 1.538461538461538 1.641025641025641 1.743589743589744 1.846153846153846 1.948717948717949 2.051282051282051 2.153846153846154 2.256410256410256 2.358974358974359 2.461538461538462 2.564102564102564 2.666666666666667 2.769230769230769 2.871794871794872 2.974358974358974 3.076923076923077 3.179487179487179 3.282051282051282 3.384615384615385 3.487179487179487 3.589743589743589 3.692307692307692 3.794871794871795 3.897435897435897 4
 0 0.1025641025641026 0.2051282051282051 0.3076923076923077 0.4102564102564102 0.5128205128205128 0.6153846153846154 0.717948717948718 0.8205128205128205 0.923076923076923 1.025641025641026 1.128205128205128 1.230769230769231 1.333333333333333 1.435897435897436 1.538461538461538 1.641025641025641 1.743589743589744 1.846153846153846 1.948717948717949 2.051282051282051 2.153846153846154 2.256410256410256 2.358974358974359 2.461538461538462 2.564102564102564 2.666666666666667 2.769230769230769 2.871794871794872 2.974358974358974 3.076923076923077 3.179487179487179 3.282051282051282 3.384615384615385 3.487179487179487 3.589743589743589 3.692307692307692 3.794871794871795 3.897435897435897 4
 0 0.1025641025641026 0.2051282051282051 0.3076923076923077 0.4102564102564102 0.5128205128205128 0.6153846153846154 0.717948717948718 0.8205128205128205 0.923076923076923 1.025641025641026 1.128205128205128 1.230769230769231 1.333333333333333 1.435897435897436 1.538461538461538 1.641025641025641 1.743589743589744 1.846153846153846 1.948717948717949 2.051282051282051 2.153846153846154 2.256410256410256 2.358974358974359 2.461538461538462 2.564102564102564 2.666666666666667 2.769230769230769 2.871794871794872 2.974358974358974 3.076923076923077 3.179487179487179 3.282051282051282 3.384615384615385 3.487179487179487 3.589743589743589 3.692307692307692 3.794871794871795 3.897435897435897 4
 0 0.1025641025641026 0.2051282051282051 0.3076923076923077 0.4102564102564102 0.5128205128205128 0.6153846153846154 0.717948717948718 0.8205128205128205 0.923076923076923 1.025641025641026 1.128205128205128 1.230769230769231 1.333333333333333 1.435897435897436 1.538461538461538 1.641025641025641 1.743589743589744 1.846153846153846 1.948717948717949 2.051282051282051 2.153846153846154 2.256410256410256 2.358974358974359 2.461538461538462 2.564102564102564 2.666666666666667 2.769230769230769 2.871794871794872 2.974358974358974 3.076923076923077 3.179487179487179 3.282051282051282 3.384615384615385 3.487179487179487 3.589743589743589 3.692307692307692 3.794871794871795 3.897435897435897 4
 0 0.1025641025641026 0.2051282051282051 0.3076923076923077 0.4102564102564102 0.5128205128205128 0.6153846153846154 0.717948717948718 0.8205128205128205 0.923076923076923 1.025641025641026 1.128205128205128 1.230769230769231 1.333333333333333 1.435897435897436 1.538461538461538 1.641025641025641 1.743589743589744 1.846153846153846 1.948717948717949 2.051282051282051 2.153846153846154 2.256410256410256 2.358974358974359 2.461538461538462 2.564102564102564 2.666666666666667 2.769230769230769 2.871794871794872 2.974358974358974 3.076923076923077 3.179487179487179 3.282051282051282 3.384615384615385 3.487179487179487 3.589743589743589 3.692307692307692 3.794871794871795 3.897435897435897 4
 0 0.1025641025641026 0.2051282051282051 0.3076923076923077 0.4102564102564102 0.5128205128205128 0.6153846153846154 0.717948717948718 0.8205128205128205 0.923076923076923 1.025641025641026 1.128205128205128 1.230769230769231 1.333333333333333 1.435897435897436 1.538461538461538 1.641025641025641 1.743589743589744 1.846153846153846 1.948717948717949 2.051282051282051 2.153846153846154 2.256410256410256 2.358974358974359 2.461538461538462 2.564102564102564 2.666666666666667 2.769230769230769 2.871794871794872 2.974358974358974 3.076923076923077 3.179487179487179 3.282051282051282 3.384615384615385 3.487179487179487 3.589743589743589 3.692307692307692 3.794871794871795 3.897435897435897 4
 0 0.1025641025641026 0.2051282051282051 0.3076923076923077 0.4102564102564102 0.5128205128205128 0.6153846153846154 0.717948717948718 0.8205128205128205 0.923076923076923 1.025641025641026 1.128205128205128 1.230769230769231 1.333333333333333 1.435897435897436 1.538461538461538 1.641025641025641 1.743589743589744 1.846153846153846 1.948717948717949 2.051282051282051 2.153846153846154 2.256410256410256 2.358974358974359 2.461538461538462 2.564102564102564 2.666666666666667 2.769230769230769 2.871794871794872 2.974358974358974 3.076923076923077 3.179487179487179 3.282051282051282 3.384615384615385 3.487179487179487 3.589743589743589 3.692307692307692 3.794871794871795 3.897435897435897 4
