# Created by Octave 4.2.2, Wed May 09 15:48:36 2018 CEST <jernej@jv227>
# name: V
# type: matrix
# rows: 5
# columns: 5
 0.2491767071929427 0.812301739101267 0.8229512871159751 0.258785198064264 0.4036445472668449
 0.4940379202766474 0.5676493072101041 0.9589787211559839 0.3285719799376554 0.4990411529258179
 0.2207102282425512 0.5300659722743521 0.6785192432473254 0.8455530538592372 0.3091893942884866
 0.02246397836448582 0.05634032731952991 0.2587890398120644 0.9644397935077804 0.26509353263495
 0.9331970044888551 0.2666040648079187 0.02249411861891464 0.4451055208130398 0.2029277192770201


