# Created by Octave 4.0.0, Tue Feb 27 07:25:20 2018 CET <jernej@jv2557>
# name: A
# type: matrix
# rows: 21
# columns: 14
 -1 1 -1 1 -1 1 -1 1 -1 1 -1 1 -1 1
 -0.2541865828329002 0.2824295364810002 -0.3138105960900002 0.3486784401000002 -0.3874204890000001 0.4304672100000002 -0.4782969000000001 0.5314410000000002 -0.5904900000000002 0.6561000000000001 -0.7290000000000001 0.8100000000000001 -0.9 1
 -0.05497558138880008 0.0687194767360001 -0.08589934592000009 0.1073741824000001 -0.1342177280000001 0.1677721600000001 -0.2097152000000002 0.2621440000000002 -0.3276800000000002 0.4096000000000002 -0.5120000000000001 0.6400000000000001 -0.8 1
 -0.00968890104069999 0.01384128720099999 -0.01977326742999998 0.02824752489999998 -0.04035360699999997 0.05764800999999996 -0.08235429999999995 0.1176489999999999 -0.1680699999999999 0.2400999999999999 -0.3429999999999999 0.4899999999999999 -0.7 1
 -0.0013060694016 0.002176782335999999 -0.003627970559999999 0.006046617599999999 -0.010077696 0.01679616 -0.0279936 0.046656 -0.07776 0.1296 -0.216 0.36 -0.6 1
 -0.0001220703125 0.000244140625 -0.00048828125 0.0009765625 -0.001953125 0.00390625 -0.0078125 0.015625 -0.03125 0.0625 -0.125 0.25 -0.5 1
 -6.710886399999977e-06 1.677721599999995e-05 -4.194303999999988e-05 0.0001048575999999997 -0.0002621439999999994 0.0006553599999999986 -0.001638399999999997 0.004095999999999994 -0.01023999999999999 0.02559999999999997 -0.06399999999999996 0.1599999999999999 -0.3999999999999999 1
 -1.594322999999995e-07 5.314409999999986e-07 -1.771469999999995e-06 5.904899999999986e-06 -1.968299999999996e-05 6.560999999999988e-05 -0.0002186999999999996 0.000728999999999999 -0.002429999999999997 0.008099999999999993 -0.02699999999999998 0.08999999999999996 -0.2999999999999999 1
 -8.191999999999972e-10 4.095999999999987e-09 -2.047999999999994e-08 1.023999999999997e-07 -5.119999999999988e-07 2.559999999999995e-06 -1.279999999999998e-05 6.39999999999999e-05 -0.0003199999999999996 0.001599999999999998 -0.007999999999999995 0.03999999999999998 -0.2 1
 -9.999999999999966e-14 9.999999999999967e-13 -9.999999999999972e-12 9.999999999999973e-11 -9.999999999999976e-10 9.999999999999979e-09 -9.999999999999984e-08 9.999999999999985e-07 -9.999999999999987e-06 9.99999999999999e-05 -0.0009999999999999994 0.009999999999999995 -0.09999999999999998 1
 0 0 0 0 0 0 0 0 0 0 0 0 0 1
 1.000000000000012e-13 1.000000000000011e-12 1.00000000000001e-11 1.000000000000009e-10 1.000000000000008e-09 1.000000000000007e-08 1.000000000000006e-07 1.000000000000005e-06 1.000000000000004e-05 0.0001000000000000004 0.001000000000000003 0.01000000000000002 0.1000000000000001 1
 8.192000000000095e-10 4.096000000000044e-09 2.04800000000002e-08 1.024000000000009e-07 5.120000000000041e-07 2.560000000000018e-06 1.280000000000008e-05 6.400000000000034e-05 0.0003200000000000014 0.001600000000000006 0.008000000000000021 0.04000000000000007 0.2000000000000002 1
 1.594323000000003e-07 5.314410000000009e-07 1.771470000000003e-06 5.904900000000008e-06 1.968300000000002e-05 6.561000000000007e-05 0.0002187000000000002 0.0007290000000000006 0.002430000000000002 0.008100000000000005 0.02700000000000001 0.09000000000000002 0.3 1
 6.710886400000031e-06 1.677721600000007e-05 4.194304000000017e-05 0.0001048576000000004 0.0002621440000000008 0.0006553600000000019 0.001638400000000004 0.004096000000000008 0.01024000000000002 0.02560000000000004 0.06400000000000007 0.1600000000000001 0.4000000000000001 1
 0.0001220703125 0.000244140625 0.00048828125 0.0009765625 0.001953125 0.00390625 0.0078125 0.015625 0.03125 0.0625 0.125 0.25 0.5 1
 0.001306069401600002 0.002176782336000004 0.003627970560000005 0.006046617600000008 0.01007769600000001 0.01679616000000002 0.02799360000000003 0.04665600000000004 0.07776000000000005 0.1296000000000001 0.2160000000000001 0.3600000000000001 0.6000000000000001 1
 0.009688901040700033 0.01384128720100005 0.01977326743000006 0.02824752490000008 0.0403536070000001 0.05764801000000012 0.08235430000000014 0.1176490000000002 0.1680700000000002 0.2401000000000003 0.3430000000000002 0.4900000000000003 0.7000000000000002 1
 0.05497558138880008 0.0687194767360001 0.08589934592000009 0.1073741824000001 0.1342177280000001 0.1677721600000001 0.2097152000000002 0.2621440000000002 0.3276800000000002 0.4096000000000002 0.5120000000000001 0.6400000000000001 0.8 1
 0.2541865828329006 0.2824295364810006 0.3138105960900006 0.3486784401000006 0.3874204890000006 0.4304672100000006 0.4782969000000005 0.5314410000000006 0.5904900000000005 0.6561000000000005 0.7290000000000003 0.8100000000000003 0.9000000000000001 1
 1 1 1 1 1 1 1 1 1 1 1 1 1 1


# name: b
# type: matrix
# rows: 21
# columns: 1
 0.03846153846153846
 0.04705882352941176
 0.05882352941176469
 0.07547169811320756
 0.1
 0.1379310344827586
 0.2000000000000001
 0.3076923076923078
 0.5000000000000001
 0.8
 1
 0.7999999999999997
 0.4999999999999996
 0.3076923076923077
 0.1999999999999999
 0.1379310344827586
 0.09999999999999998
 0.0754716981132075
 0.05882352941176469
 0.04705882352941175
 0.03846153846153846


# name: f
# type: function handle
@<anonymous>
@(x) 1 ./ (1 + 25 * x .^ 2)


# name: i
# type: scalar
13


# name: j
# type: scalar
13


# name: solution_name
# type: sq_string
# elements: 1
# length: 7
n13.mat


# name: x
# type: matrix
# rows: 21
# columns: 1
 -1
 -0.9
 -0.8
 -0.7
 -0.6
 -0.5
 -0.3999999999999999
 -0.2999999999999999
 -0.2
 -0.09999999999999998
 0
 0.1000000000000001
 0.2000000000000002
 0.3
 0.4000000000000001
 0.5
 0.6000000000000001
 0.7000000000000002
 0.8
 0.9000000000000001
 1


# name: z
# type: matrix
# rows: 14
# columns: 1
 -1.446059991749848e-06
 124.7367169300174
 4.411100443579841e-06
 -391.4152653769418
 -5.128916417795892e-06
 475.3479253476573
 2.837863378957195e-06
 -282.6190400777077
 -7.57222524627732e-07
 86.04957225964895
 8.600988999490911e-08
 -12.99945114764989
 -2.779938722903726e-09
 0.9383827497355752


