# Created by Octave 4.0.0, Tue Feb 27 07:25:20 2018 CET <jernej@jv2557>
# name: A
# type: matrix
# rows: 21
# columns: 19
 1 -1 1 -1 1 -1 1 -1 1 -1 1 -1 1 -1 1 -1 1 -1 1
 0.1500946352969992 -0.1667718169966658 0.1853020188851842 -0.2058911320946491 0.2287679245496101 -0.2541865828329002 0.2824295364810002 -0.3138105960900002 0.3486784401000002 -0.3874204890000001 0.4304672100000002 -0.4782969000000001 0.5314410000000002 -0.5904900000000002 0.6561000000000001 -0.7290000000000001 0.8100000000000001 -0.9 1
 0.01801439850948202 -0.02251799813685252 0.02814749767106565 -0.03518437208883206 0.04398046511104006 -0.05497558138880008 0.0687194767360001 -0.08589934592000009 0.1073741824000001 -0.1342177280000001 0.1677721600000001 -0.2097152000000002 0.2621440000000002 -0.3276800000000002 0.4096000000000002 -0.5120000000000001 0.6400000000000001 -0.8 1
 0.001628413597910447 -0.002326305139872067 0.003323293056960096 -0.004747561509942994 0.006782230728489992 -0.00968890104069999 0.01384128720099999 -0.01977326742999998 0.02824752489999998 -0.04035360699999997 0.05764800999999996 -0.08235429999999995 0.1176489999999999 -0.1680699999999999 0.2400999999999999 -0.3429999999999999 0.4899999999999999 -0.7 1
 0.000101559956668416 -0.0001692665944473599 0.0002821109907455999 -0.0004701849845759999 0.0007836416409599998 -0.0013060694016 0.002176782335999999 -0.003627970559999999 0.006046617599999999 -0.010077696 0.01679616 -0.0279936 0.046656 -0.07776 0.1296 -0.216 0.36 -0.6 1
 3.814697265625e-06 -7.62939453125e-06 1.52587890625e-05 -3.0517578125e-05 6.103515625e-05 -0.0001220703125 0.000244140625 -0.00048828125 0.0009765625 -0.001953125 0.00390625 -0.0078125 0.015625 -0.03125 0.0625 -0.125 0.25 -0.5 1
 6.871947673599967e-08 -1.717986918399992e-07 4.294967295999982e-07 -1.073741823999996e-06 2.68435455999999e-06 -6.710886399999977e-06 1.677721599999995e-05 -4.194303999999988e-05 0.0001048575999999997 -0.0002621439999999994 0.0006553599999999986 -0.001638399999999997 0.004095999999999994 -0.01023999999999999 0.02559999999999997 -0.06399999999999996 0.1599999999999999 -0.3999999999999999 1
 3.874204889999984e-10 -1.291401629999995e-09 4.304672099999984e-09 -1.434890699999995e-08 4.782968999999985e-08 -1.594322999999995e-07 5.314409999999986e-07 -1.771469999999995e-06 5.904899999999986e-06 -1.968299999999996e-05 6.560999999999988e-05 -0.0002186999999999996 0.000728999999999999 -0.002429999999999997 0.008099999999999993 -0.02699999999999998 0.08999999999999996 -0.2999999999999999 1
 2.621439999999988e-13 -1.310719999999994e-12 6.553599999999972e-12 -3.276799999999988e-11 1.638399999999994e-10 -8.191999999999972e-10 4.095999999999987e-09 -2.047999999999994e-08 1.023999999999997e-07 -5.119999999999988e-07 2.559999999999995e-06 -1.279999999999998e-05 6.39999999999999e-05 -0.0003199999999999996 0.001599999999999998 -0.007999999999999995 0.03999999999999998 -0.2 1
 9.999999999999953e-19 -9.999999999999956e-18 9.999999999999958e-17 -9.999999999999963e-16 9.999999999999964e-15 -9.999999999999966e-14 9.999999999999967e-13 -9.999999999999972e-12 9.999999999999973e-11 -9.999999999999976e-10 9.999999999999979e-09 -9.999999999999984e-08 9.999999999999985e-07 -9.999999999999987e-06 9.99999999999999e-05 -0.0009999999999999994 0.009999999999999995 -0.09999999999999998 1
 0 0 0 0 0 0 0 0 0 0 0 0 0 0 0 0 0 0 1
 1.000000000000016e-18 1.000000000000015e-17 1.000000000000014e-16 1.000000000000013e-15 1.000000000000012e-14 1.000000000000012e-13 1.000000000000011e-12 1.00000000000001e-11 1.000000000000009e-10 1.000000000000008e-09 1.000000000000007e-08 1.000000000000006e-07 1.000000000000005e-06 1.000000000000004e-05 0.0001000000000000004 0.001000000000000003 0.01000000000000002 0.1000000000000001 1
 2.621440000000042e-13 1.31072000000002e-12 6.553600000000094e-12 3.276800000000044e-11 1.63840000000002e-10 8.192000000000095e-10 4.096000000000044e-09 2.04800000000002e-08 1.024000000000009e-07 5.120000000000041e-07 2.560000000000018e-06 1.280000000000008e-05 6.400000000000034e-05 0.0003200000000000014 0.001600000000000006 0.008000000000000021 0.04000000000000007 0.2000000000000002 1
 3.874204890000009e-10 1.291401630000003e-09 4.304672100000009e-09 1.434890700000003e-08 4.782969000000009e-08 1.594323000000003e-07 5.314410000000009e-07 1.771470000000003e-06 5.904900000000008e-06 1.968300000000002e-05 6.561000000000007e-05 0.0002187000000000002 0.0007290000000000006 0.002430000000000002 0.008100000000000005 0.02700000000000001 0.09000000000000002 0.3 1
 6.871947673600044e-08 1.71798691840001e-07 4.294967296000024e-07 1.073741824000006e-06 2.684354560000013e-06 6.710886400000031e-06 1.677721600000007e-05 4.194304000000017e-05 0.0001048576000000004 0.0002621440000000008 0.0006553600000000019 0.001638400000000004 0.004096000000000008 0.01024000000000002 0.02560000000000004 0.06400000000000007 0.1600000000000001 0.4000000000000001 1
 3.814697265625e-06 7.62939453125e-06 1.52587890625e-05 3.0517578125e-05 6.103515625e-05 0.0001220703125 0.000244140625 0.00048828125 0.0009765625 0.001953125 0.00390625 0.0078125 0.015625 0.03125 0.0625 0.125 0.25 0.5 1
 0.0001015599566684162 0.0001692665944473604 0.0002821109907456006 0.000470184984576001 0.0007836416409600015 0.001306069401600002 0.002176782336000004 0.003627970560000005 0.006046617600000008 0.01007769600000001 0.01679616000000002 0.02799360000000003 0.04665600000000004 0.07776000000000005 0.1296000000000001 0.2160000000000001 0.3600000000000001 0.6000000000000001 1
 0.001628413597910457 0.002326305139872081 0.003323293056960114 0.004747561509943018 0.006782230728490025 0.009688901040700033 0.01384128720100005 0.01977326743000006 0.02824752490000008 0.0403536070000001 0.05764801000000012 0.08235430000000014 0.1176490000000002 0.1680700000000002 0.2401000000000003 0.3430000000000002 0.4900000000000003 0.7000000000000002 1
 0.01801439850948202 0.02251799813685252 0.02814749767106565 0.03518437208883206 0.04398046511104006 0.05497558138880008 0.0687194767360001 0.08589934592000009 0.1073741824000001 0.1342177280000001 0.1677721600000001 0.2097152000000002 0.2621440000000002 0.3276800000000002 0.4096000000000002 0.5120000000000001 0.6400000000000001 0.8 1
 0.1500946352969996 0.1667718169966662 0.1853020188851846 0.2058911320946495 0.2287679245496106 0.2541865828329006 0.2824295364810006 0.3138105960900006 0.3486784401000006 0.3874204890000006 0.4304672100000006 0.4782969000000005 0.5314410000000006 0.5904900000000005 0.6561000000000005 0.7290000000000003 0.8100000000000003 0.9000000000000001 1
 1 1 1 1 1 1 1 1 1 1 1 1 1 1 1 1 1 1 1


# name: b
# type: matrix
# rows: 21
# columns: 1
 0.03846153846153846
 0.04705882352941176
 0.05882352941176469
 0.07547169811320756
 0.1
 0.1379310344827586
 0.2000000000000001
 0.3076923076923078
 0.5000000000000001
 0.8
 1
 0.7999999999999997
 0.4999999999999996
 0.3076923076923077
 0.1999999999999999
 0.1379310344827586
 0.09999999999999998
 0.0754716981132075
 0.05882352941176469
 0.04705882352941175
 0.03846153846153846


# name: f
# type: function handle
@<anonymous>
@(x) 1 ./ (1 + 25 * x .^ 2)


# name: i
# type: scalar
18


# name: j
# type: scalar
18


# name: solution_name
# type: sq_string
# elements: 1
# length: 7
n18.mat


# name: x
# type: matrix
# rows: 21
# columns: 1
 -1
 -0.9
 -0.8
 -0.7
 -0.6
 -0.5
 -0.3999999999999999
 -0.2999999999999999
 -0.2
 -0.09999999999999998
 0
 0.1000000000000001
 0.2000000000000002
 0.3
 0.4000000000000001
 0.5
 0.6000000000000001
 0.7000000000000002
 0.8
 0.9000000000000001
 1


# name: z
# type: matrix
# rows: 19
# columns: 1
 -16992.56640221188
 -0.4207418415299367
 65345.02256813472
 1.513051288453257
 -104195.6890646886
 -2.201861100646996
 89776.37943169109
 1.669973483012823
 -45724.82544669696
 -0.7080917901296144
 14191.39130900912
 0.1670658246911119
 -2685.584607809157
 -0.02048153322728714
 306.0964924300135
 0.001102535458724171
 -21.1772742243005
 -1.686700038733646e-05
 0.9914558639440583


