# Created by Octave 4.0.0, Tue Feb 27 07:25:20 2018 CET <jernej@jv2557>
# name: A
# type: matrix
# rows: 21
# columns: 3
 1 -1 1
 0.8100000000000001 -0.9 1
 0.6400000000000001 -0.8 1
 0.4899999999999999 -0.7 1
 0.36 -0.6 1
 0.25 -0.5 1
 0.1599999999999999 -0.3999999999999999 1
 0.08999999999999996 -0.2999999999999999 1
 0.03999999999999998 -0.2 1
 0.009999999999999995 -0.09999999999999998 1
 0 0 1
 0.01000000000000002 0.1000000000000001 1
 0.04000000000000007 0.2000000000000002 1
 0.09000000000000002 0.3 1
 0.1600000000000001 0.4000000000000001 1
 0.25 0.5 1
 0.3600000000000001 0.6000000000000001 1
 0.4900000000000003 0.7000000000000002 1
 0.6400000000000001 0.8 1
 0.8100000000000003 0.9000000000000001 1
 1 1 1


# name: b
# type: matrix
# rows: 21
# columns: 1
 0.03846153846153846
 0.04705882352941176
 0.05882352941176469
 0.07547169811320756
 0.1
 0.1379310344827586
 0.2000000000000001
 0.3076923076923078
 0.5000000000000001
 0.8
 1
 0.7999999999999997
 0.4999999999999996
 0.3076923076923077
 0.1999999999999999
 0.1379310344827586
 0.09999999999999998
 0.0754716981132075
 0.05882352941176469
 0.04705882352941175
 0.03846153846153846


# name: f
# type: function handle
@<anonymous>
@(x) 1 ./ (1 + 25 * x .^ 2)


# name: i
# type: scalar
2


# name: j
# type: scalar
2


# name: solution_name
# type: sq_string
# elements: 1
# length: 6
n2.mat


# name: x
# type: matrix
# rows: 21
# columns: 1
 -1
 -0.9
 -0.8
 -0.7
 -0.6
 -0.5
 -0.3999999999999999
 -0.2999999999999999
 -0.2
 -0.09999999999999998
 0
 0.1000000000000001
 0.2000000000000002
 0.3
 0.4000000000000001
 0.5
 0.6000000000000001
 0.7000000000000002
 0.8
 0.9000000000000001
 1


# name: z
# type: matrix
# rows: 3
# columns: 1
 -0.6282015800359615
 3.295974604355933e-17
 0.493715715698042


