# Created by Octave 4.0.0, Tue Feb 27 07:25:20 2018 CET <jernej@jv2557>
# name: A
# type: matrix
# rows: 21
# columns: 6
 -1 1 -1 1 -1 1
 -0.5904900000000002 0.6561000000000001 -0.7290000000000001 0.8100000000000001 -0.9 1
 -0.3276800000000002 0.4096000000000002 -0.5120000000000001 0.6400000000000001 -0.8 1
 -0.1680699999999999 0.2400999999999999 -0.3429999999999999 0.4899999999999999 -0.7 1
 -0.07776 0.1296 -0.216 0.36 -0.6 1
 -0.03125 0.0625 -0.125 0.25 -0.5 1
 -0.01023999999999999 0.02559999999999997 -0.06399999999999996 0.1599999999999999 -0.3999999999999999 1
 -0.002429999999999997 0.008099999999999993 -0.02699999999999998 0.08999999999999996 -0.2999999999999999 1
 -0.0003199999999999996 0.001599999999999998 -0.007999999999999995 0.03999999999999998 -0.2 1
 -9.999999999999987e-06 9.99999999999999e-05 -0.0009999999999999994 0.009999999999999995 -0.09999999999999998 1
 0 0 0 0 0 1
 1.000000000000004e-05 0.0001000000000000004 0.001000000000000003 0.01000000000000002 0.1000000000000001 1
 0.0003200000000000014 0.001600000000000006 0.008000000000000021 0.04000000000000007 0.2000000000000002 1
 0.002430000000000002 0.008100000000000005 0.02700000000000001 0.09000000000000002 0.3 1
 0.01024000000000002 0.02560000000000004 0.06400000000000007 0.1600000000000001 0.4000000000000001 1
 0.03125 0.0625 0.125 0.25 0.5 1
 0.07776000000000005 0.1296000000000001 0.2160000000000001 0.3600000000000001 0.6000000000000001 1
 0.1680700000000002 0.2401000000000003 0.3430000000000002 0.4900000000000003 0.7000000000000002 1
 0.3276800000000002 0.4096000000000002 0.5120000000000001 0.6400000000000001 0.8 1
 0.5904900000000005 0.6561000000000005 0.7290000000000003 0.8100000000000003 0.9000000000000001 1
 1 1 1 1 1 1


# name: b
# type: matrix
# rows: 21
# columns: 1
 0.03846153846153846
 0.04705882352941176
 0.05882352941176469
 0.07547169811320756
 0.1
 0.1379310344827586
 0.2000000000000001
 0.3076923076923078
 0.5000000000000001
 0.8
 1
 0.7999999999999997
 0.4999999999999996
 0.3076923076923077
 0.1999999999999999
 0.1379310344827586
 0.09999999999999998
 0.0754716981132075
 0.05882352941176469
 0.04705882352941175
 0.03846153846153846


# name: f
# type: function handle
@<anonymous>
@(x) 1 ./ (1 + 25 * x .^ 2)


# name: i
# type: scalar
5


# name: j
# type: scalar
5


# name: solution_name
# type: sq_string
# elements: 1
# length: 6
n5.mat


# name: x
# type: matrix
# rows: 21
# columns: 1
 -1
 -0.9
 -0.8
 -0.7
 -0.6
 -0.5
 -0.3999999999999999
 -0.2999999999999999
 -0.2
 -0.09999999999999998
 0
 0.1000000000000001
 0.2000000000000002
 0.3
 0.4000000000000001
 0.5
 0.6000000000000001
 0.7000000000000002
 0.8
 0.9000000000000001
 1


# name: z
# type: matrix
# rows: 6
# columns: 1
 -1.984523656517467e-15
 1.591026000085862
 2.296773882193293e-15
 -2.116947337259162
 -6.401129626354418e-16
 0.6557276203924995


